P(a) = 0.0814519135801828
P(b) = 0.017609133423548706
P(c) = 0.023501865754958298
P(d) = 0.03994938107616621
P(e) = 0.12235416422174702
P(f) = 0.02174775491467793
P(g) = 0.021758140414028317
P(h) = 0.06567737861687997
P(i) = 0.06841707334551206
P(j) = 0.001129423054354588
P(k) = 0.008413812298716041
P(l) = 0.044660243581501766
P(m) = 0.02435451525162507
P(n) = 0.06856350888635251
P(o) = 0.07242795319463152
P(p) = 0.018024553397564185
P(q) = 0.0016206571736278937
P(r) = 0.05450258131586354
P(s) = 0.06707318972957198
P(t) = 0.09193192097465834
P(u) = 0.02787416098147123
P(v) = 0.008996438812272751
P(w) = 0.023245343921003737
P(x) = 0.0010868425070180011
P(y) = 0.017664176570105754
P(z) = 0.0006589599337820561
