P(a) = 0.08018781071625851
P(b) = 0.009666728042717732
P(c) = 0.027527158902596206
P(d) = 0.03783833548149512
P(e) = 0.1641502485730068
P(f) = 0.011508009574663965
P(g) = 0.011139753268274719
P(h) = 0.008377830970355367
P(i) = 0.07889891364389615
P(j) = 0.014822316332167188
P(k) = 9.206407659731172e-05
P(l) = 0.04152089854538759
P(m) = 0.03433990057079728
P(n) = 0.07503222242680906
P(o) = 0.056803535260541334
P(p) = 0.029552568587737065
P(q) = 0.007825446510771498
P(r) = 0.05956545755846069
P(s) = 0.07889891364389615
P(t) = 0.06343214877554779
P(u) = 0.059013073098876816
P(v) = 0.014085803719388695
P(w) = 0.00046032038298655866
P(x) = 0.0050635242128521454
P(y) = 0.0015650893021542994
P(z) = 0.001012704842570429
