P(a) = 0.08239664549553763
P(b) = 0.008717148614523905
P(c) = 0.03162561394857145
P(d) = 0.037325097282329904
P(e) = 0.1679951762701969
P(f) = 0.010012356910658968
P(g) = 0.009200371840981297
P(h) = 0.0077025215466544235
P(i) = 0.07195420574256248
P(j) = 0.006062963561284325
P(k) = 0.0002855409974520957
P(l) = 0.05297246052732266
P(m) = 0.03015185396172192
P(n) = 0.07406706741601694
P(o) = 0.05222991222625617
P(p) = 0.028420185977173724
P(q) = 0.01129339443768971
P(r) = 0.06430340750313883
P(s) = 0.08468664178279611
P(t) = 0.06703411470954175
P(u) = 0.06111215030084543
P(v) = 0.014602269023548983
P(w) = 0.00011832592202109178
P(x) = 0.0045041789598088645
P(y) = 0.0020894799044323333
P(z) = 0.0014787197560360392
