P(a) = 0.08141072993974374
P(b) = 0.017634385458253708
P(c) = 0.023516867468620667
P(d) = 0.039933485114603914
P(e) = 0.12234361008861337
P(f) = 0.021767795552927186
P(g) = 0.021754212557166128
P(h) = 0.06571714560658003
P(i) = 0.06836896431747014
P(j) = 0.0011310456085652282
P(k) = 0.00842093494894361
P(l) = 0.044712609930841654
P(m) = 0.024321398756006557
P(n) = 0.06856017110395275
P(o) = 0.07243550427916609
P(p) = 0.018029337181152235
P(q) = 0.0016263025309300487
P(r) = 0.05447251480807749
P(s) = 0.06711201478665815
P(t) = 0.09194277588370448
P(u) = 0.027894771486993236
P(v) = 0.008984106850113732
P(w) = 0.023219086407705113
P(x) = 0.0010767136255209863
P(y) = 0.01762916122911484
P(z) = 0.0006608649860669809
