P(a) = 0.088134135855546
P(b) = 0.01349957007738607
P(c) = 0.02106620808254514
P(d) = 0.04256233877901978
P(e) = 0.1239036973344798
P(f) = 0.018486672398968184
P(g) = 0.02244196044711952
P(h) = 0.0590713671539123
P(i) = 0.076268271711092
P(j) = 0.000945829750644884
P(k) = 0.007308684436801376
P(l) = 0.036027515047291486
P(m) = 0.029836629406706793
P(n) = 0.06904557179707653
P(o) = 0.0711092003439381
P(p) = 0.017282889079965606
P(q) = 0.0007738607050730869
P(r) = 0.05941530524505589
P(s) = 0.06061908856405847
P(t) = 0.09002579535683577
P(u) = 0.024505588993981083
P(v) = 0.011092003439380911
P(w) = 0.02760103181427343
P(x) = 0.002837489251934652
P(y) = 0.0234737747205503
P(z) = 0.0004299226139294927
