P(a) = 0.08241296090023706
P(b) = 0.00871033616085454
P(c) = 0.0316575272041813
P(d) = 0.037321137863079425
P(e) = 0.168022591608831
P(f) = 0.010001285236912004
P(g) = 0.009185873818296062
P(h) = 0.007697855082397967
P(i) = 0.07189972296004342
P(j) = 0.005995630194499186
P(k) = 0.00028775026418758747
P(l) = 0.053061005912089794
P(m) = 0.03011952703281638
P(n) = 0.07405892097221033
P(o) = 0.05219418501699369
P(p) = 0.028411589980864252
P(q) = 0.011320795133236226
P(r) = 0.06433967383543256
P(s) = 0.08473067146488447
P(t) = 0.0670615200068546
P(u) = 0.061128009596435606
P(v) = 0.014606717504926741
P(w) = 0.0001163853425870391
P(x) = 0.004500471253534402
P(y) = 0.002094222146060035
P(z) = 0.0014830205923514123
