P(a) = 0.13557588495038456
P(b) = 0.017493540286774873
P(c) = 0.040828875221389234
P(d) = 0.052503366329427176
P(e) = 0.1262381117014824
P(f) = 0.006182976684377805
P(g) = 0.010133106485188151
P(h) = 0.008653134628915253
P(i) = 0.06350610791663634
P(j) = 0.0045938265764126456
P(k) = 3.563456826066914e-05
P(l) = 0.05974400732707378
P(m) = 0.026038254846301283
P(n) = 0.07167021495984667
P(o) = 0.09453850959555524
P(p) = 0.025095076060848678
P(q) = 0.01052584491835893
P(r) = 0.06883158041584783
P(s) = 0.07025393041706092
P(t) = 0.03804937889705704
P(u) = 0.04478961957444744
P(v) = 0.010446993958803406
P(w) = 4.0183662081180094e-05
P(x) = 0.0010258206565252202
P(y) = 0.007726635854137856
P(z) = 0.004105557173011136
